scenario_name: curve_turn30_demo
dp_source: classic
qp_running_normally: false
sample_s: 0.800000
col_node_num: 10
planning_s_horizon: 8.000000
rl_dp_s_samples: 9
rl_dp_s_max: 8.000000
w_qp_l: 800.000000
w_qp_dl: 2000.000000
w_qp_ddl: 10000.000000
w_qp_ref_dp: 50.000000
obstacle_count: 8
dp_points: 160
qp_points: 160
dp_path_length: 7.950000
qp_path_length: 7.950000
dp_mean_abs_kappa: 0.796680
qp_mean_abs_kappa: 0.405446
dp_max_abs_kappa: 4.036116
qp_max_abs_kappa: 1.599429
