scenario_name: complex_random_l19_ok
dp_source: classic
qp_running_normally: false
sample_s: 0.800000
col_node_num: 10
planning_s_horizon: 8.000000
rl_dp_s_samples: 9
rl_dp_s_max: 8.000000
w_qp_l: 800.000000
w_qp_dl: 1200.000000
w_qp_ddl: 5000.000000
w_qp_ref_dp: 50.000000
obstacle_count: 6
dp_points: 160
qp_points: 160
dp_path_length: 7.950000
qp_path_length: 7.950000
dp_mean_abs_kappa: 0.512546
qp_mean_abs_kappa: 0.285719
dp_max_abs_kappa: 2.941896
qp_max_abs_kappa: 1.072419
