image: map_1F.pgm
resolution: 0.250000
origin: [-18.376350, -14.241573, 0.000000]
negate: 0
occupied_thresh: 0.65
free_thresh: 0.196

